#<Level> <Number of provinces> <IDs of provinces>

1 13 3938 9767 3858 6993 9785 11766 6878 3816 3954 13223 6966 6812 9764 
1 10 3938 858 9881 6832 3810 3871 875 1178 7183 1048 
1 9 6906 3799 3891 888 942 9757 11863 13224 858 
1 11 3938 3794 9800 9846 11825 6936 903 885 11852 13233 740 
1 7 4098 1093 9903 11807 11812 3953 11863 
1 9 11825 4024 3918 3727 11843 729 11692 6955 758 
1 5 11506 9534 6569 11563 9434 
1 2 11563 485 
1 9 11506 9523 9507 6533 9492 9478 11613 9631 6657 
1 14 9523 9507 512 3493 11631 9629 651 3626 620 9751 9734 755 11702 6766 
1 7 11465 503 3495 3509 3534 6547 9523 
1 6 11506 9561 454 6504 13239 11483 
1 4 454 3476 3536 575 
1 12 512 6518 9644 3681 3669 3652 9642 6698 698 678 6529 9503 
1 14 11506 11518 11549 13011 6545 13236 9505 13235 11488 11642 11516 521 1346 9503 
1 12 9644 667 9625 11794 6613 6786 762 11713 958 11875 11834 911 
1 7 6449 3579 11535 6599 9578 3549 9523 
1 2 6103 11374 
1 4 6103 11333 13070 3501 
1 4 6103 9239 6221 3369 
1 7 9239 9268 11279 6237 11382 9269 11297 
1 6 6384 3205 3301 7239 6270 9268 
1 2 516 6598 
1 2 516 6560 
1 6 516 3516 13240 9444 11407 6583 
1 6 692 11653 9515 3299 571 586 
1 6 11666 3700 6720 9676 11663 9660 
1 4 11666 9661 6690 9648 
1 5 9648 653 11612 3631 11595 
1 6 11564 6650 3654 9596 9646 9648 
1 2 3654 11581 
1 8 11666 6739  557 3569 569 11556 9569 11542 
1 6 3569 6562 3414 3583 9457 11467 
1 4 9660 6703 3680 11610 
1 9 6521 11505 9496 537 6236 6309 9334 9361 11372 
1 4 6521 3499 9456 3522 
1 3 514 6441 3499 
1 5 514 6559 11432 6440 11542 
1 2 11544 571 
1 4 3690 9666 6693 692 
1 3 692 9652 707 
1 9 11666 704 3718 11651 9665 6708 3688 6725 9515 
1 9 6788 771 11726 3780 9584 9600 658 661 11623 
1 3 9907 910 11833 
1 2 3211 9498 
1 2 391 3211 
1 2 391 9498 
1 6 391 6241 9363 11346 11233 11388 
1 3 391 3211 3314 
1 2 9498 3262 
1 3 11519 13068 516 
1 4 11519 9574 11562 9522 
1 4 564 11431 9509 11388 
1 4 6488 3524 11533 564 
1 6 6488 6444 529 6570 587 9522 
1 9 6488 589 6568 3530 6542 6712 3692 694 11640 
1 7 564 6513 3561 425 6582 6487 3522 
1 4 11584 3604 603 11568 
1 3 11584 628 11595 
1 2 11595 6626 
1 7 11747 11784 9806 6871 11811 11829 9833 
1 8 11747 6925 13242 9861 3870 961 11810 11746 
1 3 12473 806 11746 
1 6 12473 7140 1056 10087 1108 792 
1 3 4111 792 1108 
1 5 1086 7107 1065 11919 4111 
1 2 4206 1086 
1 6 4076 7164 3996 7011 1143 12049 
1 3 11964 10005 12049 
1 2 7011 10005 
1 7 7011 12004 4143 7188 7030 10028 1151 
1 8 12473 7671 3942 2013 12372 3795 12046 2097 
1 6 2089 8001 10876 7994 12046 2097 
1 7 11747 9844 9871 6978 6995 13243 11881 
1 7 11881 11894 975 9932 3714 11753 3653 
1 7 1005 1122 3788 11860 11792 6925 11747 
1 5 3973 3864 976 1109 4109 
1 3 7211 3988 4109 
1 5 4109 3988 7096 4178 11965 
1 2 4109 7127 
1 8 9833 6895 3893 11905 11774 9930 3936 11818 
1 6 11818 10163 3844 3973 3864 976 
1 6 10163 3844 6930 11786 3914 9805 
1 8 949 965 9771 9756 9602 6634 11583 11586 
1 4 949 3971 6982 6923 
1 4 6923 9862 878 11905
1 7 9833 922 9902 9919 9783 11597 657 
1 4 11586 3609 11577 619 
1 5 619 9621 6700 684 9660 
1 10 9617 11603 6677 657 11597 9783 9919 9902 922 9833 
1 12 3707 3724 6706 3076 9635 657 11597 9783 9919 9902 922 9833 
1 5 6380 3259 344 11250 6245 
1 6 6262 6396 6290 9348 6414 6380 
1 6 9427 11430 3497 6416 467 3544 
1 3 3544 9400 9508 
1 5 6296 6360 3337 9499 6314 
1 4 6296 327 6281 3393 
1 2 327 3320 
1 8 3544 524 402 290 11301 347 13206 3393 
1 9 362 389 3324 279 3295 3230 6259 6567 3544 # Plock to Warsaw
1 5 6558 17 11515 493 9508 # Poznan to Lodz
1 3 3458 6511 3544 
1 3 3458 9521 11399 
1 4 11399 6580 536 11479 
1 3 442 11413 9427 
1 2 11430 9427 
1 4 9427 13205 6464 11467 
1 4 6236 11478 3532 6558 
1 3 9909 3928 911 
1 5 9909 3959 11721 9738 6780 
1 6 6780 611 9745 778 9603 6666 
1 6 6666 9622 9620 9638 663 11623 
1 4 6780 3782 776 3780 
1 4 6790 9752 6606 782 
1 2 6790 3780 
1 4 782 9924 967 925 
1 4 925 11790 9794 9904 
1 3 9904 9794 3885 
1 2 9904 11751 
1 2 9904 11846 
1 4 819 9826 923 11846 
1 4 819 9826 3923 6831 
1 7 819 11803 3958 6972 9784 11837 11998 
1 8 819 955 851 3968 10027 3901 12066 9990 
1 2 3943 3924 
1 10 2026 5067 10922 7969 4609 4901 4473 12434 1536 7661 
1 8 2026 5067 10922 8125 9816 2071 12861 1896 
1 12 2026 5067 10922 7969 4609 4901 10454 9715 1467 1539 11708 1599 
1 5 2026 12756 1922 7953 5005 
1 5 2026 4928 4966 10881 12832 
1 6 2026 1963 10828 12780 12863 7982 
1 3 12786 10751 4516 
1 4 4516 4544 1656 7537 
1 2 7593 7537 
1 2 1381 12164 
1 4 10887 4979 8022 12763 
1 3 10068 11761 9843 
1 6 9843 6904 10397 1489 7545 11752 
1 4 10068 12043 1052 3900 
1 6 3900 11886 6837 9835 11764 964 
1 6 7014 12052 10076 1089 11982 11913 
1 4 11913 996 7120 7191 
1 4 4619 4631 9999 7097 
1 4 4619 1036 1628 3992 
1 6 7101 7434 12086 4130 12467 4619 
1 8 11913 1146 11994 12061 1083 7035 7637 4619 
1 3 6999 4431 1010 
1 3 4925 7240 6999 
1 4 12141 1395 7240 6999 
1 5 4504 10763 1010 4431 6999 
1 7 7965 4937 10726 2067 12819 12705 6999 
1 6 6999 4141 10304 12414 7201 7434 
1 6 4504 4532 12436 4134 7650 7137 
1 8 1047 12095 1120 9970 9982 1448 13143 7097 
1 10 10068 4137 11944 12093 4089 12074 1184 7105 1200 4205 
1 2 10000 1184 
1 7 9843 11761 9969 11944 11980 7189 1069 
1 8 9843 4140 12026 7109 4190 12062 4538 1519 
1 10 4619 9959 4158 4079 10040 11973 7025 10043 4037 1069 
1 14 11913 4148 1001 1161 11973 7025 12069 9987 11962 11980 11944 9969 11761 9843 
1 7 3992 9984 11961 4113 10042 4169 4196 
1 11 4619 4631 11988 10501 7172 12030 10112 4053 7141 7182 9938 
1 6 1047 1202 4050 7067 9978 9938 
1 4 9938 10093 10010 7071 
1 7 7071 11986 1166 4169 1094 7086 1055 
1 5 1055 4013 7146 10058 9974 
1 8 9974 7058 1096 11991 7191 7120 996 11913 
1 9 11913 4001 10095 7142 4082 1029 9971 4157 10000 
1 10 8049 5007 6932 1603 7508 7459 7580 10462 7167 4619 
1 5 8049 7208 1034 4634 1519 
1 10 8049 517 5025 556 12797 4888 10490 10750 12846 7940 
1 12 9843 6904 10397 1489 7545 4612 12448 4655 12612 1787 7752 4801 
1 11 9843 6969 900 814 3881 6898 934 3934 11815 987 11771 
1 4 3900 9905 3814 6898 
1 20 9843 11822 12043 1052 3900 11886 6837 9835 11764 892 836 3970 6860 9918 912 9790 7171 7070 12040 7125 
1 6 7125 10036 9936 4103 7121 4056 
1 8 1182 1097 12072 10015 7187 4172 1067 1136 
1 9 7072 11960 4142 10125 4069 7087 12072 9998 1182 
1 4 10125 7187 7217 10032 
1 6 1182 993 1113 4118 1024 7169 
1 3 7100 1079 7069 
1 3 7100 1194 10113 
1 5 7100 11987 4097 1111 989 
1 2 7100 10070 
1 5 7100 1079 10023 4139 4108 
1 2 4108 7203 
1 4 7100 1194 10113 9945 
1 5 7100 11987 4097 7215 12100 
1 5 1145 9964 1013 11923 7132 
1 2 11969 9994 
1 2 12787 5013 
1 2 12787 10862 
1 2 12787 12785 
1 12 4927 12794 8116 7930 5101 1975 2056 1891 1969 4972 5028 4997 
1 11 1975 5101 10868 1115 7041 8088 7908 8046 1207 12042 7100 
1 4 12925 10968 2115 12975 
1 3 8248 8219 12925 
1 9 5037 2033 8092 2095 1033 12101 11976 4115 1015 
1 4 1015 7176 1086 4206 
1 10 117 71 6154 11191 110 187 3101 3176 6022 6245 
1 6 121 252 9345 11236 3259 6380 
1 9 306 3297 9253 9318 11369 274 3327 3391 6380 
1 7 11248 11379 11268 9282 9348 6414 6380 
1 10 11375 6299 9360 6362 3202 214 6316 11362 301 6380 
1 12 3580 11244 11310 11368 11242 9366 11347 6396 6290 9348 6414 6380 
1 15 3544 12562 3521 6484 9452 11441 3412 474 6435 6520 9493 6593 441 3543 525 
1 7 525 11557 582 3584 6605 559 11504 
1 2 3686 705 
1 13 705 3722 568 9712 6771 11700 9729 9571 6420 3421 6445 13259 9430 # Connecting to random supply hub in Crimea
1 4 9392 9383 3273 6395 
1 2 9383 6300 
1 3 1965 8089 12810 
1 4 6050 161 11082 11380 
1 2 6050 11163 
1 5 9262 11246 6342 265 9340 
3 8 9340 9240 9317 9501 308 6381 496 3152 # Riga to Reval
1 5 9340 265 530 9357 6296 # Riga to Kaunaus
3 7 9340 9240 10493 11302 3298 415 11202 # Riga to Pleskov
1 11 11105 3161 6009 204 3061 11056 6082 11162 9105 9150 3151 
1 5 11105 6108 11211 9194 3083 
1 6 3083 6066 169 3117 6013 3122 
1 5 3083 9094 11172 11066 3137 
1 2 6287 6393 # Copenhagen to Nowhere
1 4 11467 9511 6462 9570 
1 2 11640 9638 
1 5 11640 694 3679 6934 3690 
1 2 7011 4073 
1 6 1086 4088 4161 11979 1155 12049
1 5 11163 6127 9117 9193 156 # Connecting Uppsala to Falun
1 7 11163 35 9185 6084 11044 3141 11114 # Connecting Uppsala to Karlstad
1 8 6137 6087 124 11125 9147 6125 6165 9108 # Connecting Salla to Luleå
1 4 3151 6174 11080 181 # Connecting Nyen to Jama
1 4 11586 3614 614 9606 # Connecting Belgrade to Timisoara
1 4 3609 797 11741 11899 # Connecting Belgrade to Sarajevo
1 4 11899 6799 11572 6983 # Connecting Sarajevo to Banja Luka
1 5 11368 9355 9384 6411 3335 # Connecting to Bryansk
1 5 71 6035 3110 9060 3140 # Connecting to Tikhvin
1 6 3580 11526 3520 3455 3557 11504 # Connecting to Kiev
1 5 9430 9417 3777 11418 449 # Azov and Taganrog
1 5 7072 12031 7212 11946 1092 # Connecting Kyoto to Hiroshima
1 7 1092 10052 11985 1025 7110 1158 9950 # Connecting Hiroshima to Nagasaki 
1 5 6832 6948 985 9925 6902 # Connecting to Badajoz
1 5 684 6716 699 11644 11659 # Connecting to Debrecen from Budapest
1 9 11659 3696 3709 6711 3694 676 11639 3676 690 # Connecting Debrecen to Brasov
1 10 9635 687 3701 6727 11670 9698 9714 3757 9435 476 # Connecting to Vinnytsia
1 6 3320 9295 11342 233 6459 310 # Connecting to Dyneburg
1 3 6435 11543 6557 # Connecting to Równe
1 15 11612 6673 671 668 11618 596 9636 6678 6680 9655 6934 3679 694 3692 6712 # Connecting to Freisburg
1 3 1539 12450 12320 # Connecting to Yerevan
1 7 12780 10913 12809 12895 2101 4949 8013 # Connecting to Kalat
1 5 12871 4893 4958 7560 4482 # Connecting to Merv
1 3 6279 3356 11248 
1 4 6554 418 11397 3455
1 13 2086 2054 7905 4971 7692 12829 12743 12092 9975 13323 7207 4132 4090 # Connecting Shahjahanabad to Ajmer and Diu
1 11 2086 13346 4915 5086 13345 1377 12777 12786 2005 1569 10471 # Connecting Shahjahanabad to Palamau
1 7 2086 1565 12868 12041 12876 12718 4984 # Connecting Shahjahanabad to Jodhpur
1 6 2086 2032 10729 12822 12005 10887 # Connecting Shahjahanabd to Lahore
1 3 12180 10152 7310 # Connecting Pulicat to main road
1 13 2026 1963 10873 10890 7990 12871 8053 12788 10896 7984 12877 10852 10737 # Connecting Isfahan to Kabul
1 6 12763 12717 13351 12831 10417 10737 # Connecting Peshawar to Kabul
1 5 2086 13346 4915 5086 12137 # Connecting Shahjahanabad to Agra
1 10 4971 2092 13340 10816 2105 13343 13337 13334 4883 4557 # Connecting Ajmer to Mandla
1 5 13343 10872 13332 7430 10311 # Connecting to Aurangabad
1 4 10311 5063 13309 1359 # Connecting Aurangabad to Bijapur
1 4 1359 10324 5104 8087 # Connecting Bijapur to Darul Jihad 
1 8 8087 13318 1317 10296 12779 7310 1344 7436 # Connecting Darul Jihad to Gingee
1 5 8087 13318 1275 4321 7340 # Connecting Darul Jihad to Masulipatam
1 5 12779 10897 12734 13305 8011 # Connecting to Mysore
1 4 8011 4315 13306 12247 # Connecting Mysore to Tiruchirapalli
1 4 12247 13307 1409 7265 # Connecting Tiruchirapalli to Tuticorin
1 8 9718 757 9677 9680 6741 11729 6755 3734 # Connecting to Krasnodar
1 3 3734 3752 3765 # Connecting to random supply hub in Crimea
1 6 117 11072 3089 95 11097 11202 # Connecting Novgorod to Pleskov
1 6 11202 6324 11392 9254 207 11234 # Connecting Pleskov to Velikiye Luki
1 2 878 11842 # Connecting to Adrianople
1 4 7376 7319 1324 4302 # Connecting to Angkor
1 21 4075 10129 11909 10016 4397 12297 7280 1302 4379 10309 10137 4255 1300 4334 4405 10162 1285 12204 10232 12232 4401 # Connecting to Nghe An, Phu Xuan, and Saigon
1 3 7560 7491 5029 # Connecting to Mashad
1 3 11923 4150 3991 # Connecting to Tlemcen
1 7 418 9556 6554 9531 3491 6519 9461 # Connecting from Kharkov to Kamianyi Brid
1 12 3320 6340 277 11370 216 6292 3350 6373 6344 9288 11229 238 # Connecting from Vilnius to Mińsk Litewski to Bobrusky to Gomel to Starodub


#<Level> <Number of provinces> <IDs of provinces>
